id,value,station_id,parameter_id,unix_timestamp,norm_time,norm_value
5651392443,36.5,1161114067,115,1492474127000000000,-11.87008233792,-0.8834649437664513
5651424802,37.5,1161114067,115,1492474819000000000,-11.677860115697777,-0.7726728882507777
5651470141,38.5,1161114067,115,1492475803000000000,-11.404526782364444,-0.6618808327351041
5651512344,39.5,1161114067,115,1492476746000000000,-11.14258233792,-0.5510887772194305
5651538458,38.5,1161114067,115,1492477319000000000,-10.983415671253333,-0.6618808327351041
5651540602,37.5,1161114067,115,1492477368000000000,-10.969804560142222,-0.7726728882507777
5651544616,36.5,1161114067,115,1492477429000000000,-10.952860115697778,-0.8834649437664513
5651546764,35.5,1161114067,115,1492477499000000000,-10.933415671253334,-0.994256999282125
5651549902,34.5,1161114067,115,1492477572000000000,-10.913137893475556,-1.1050490547977987
5651551584,35.5,1161114067,115,1492477614000000000,-10.901471226808889,-0.994256999282125
5651553544,36.5,1161114067,115,1492477636000000000,-10.895360115697779,-0.8834649437664513
5651555080,37.5,1161114067,115,1492477667000000000,-10.886749004586667,-0.7726728882507777
5651556528,38.5,1161114067,115,1492477688000000000,-10.880915671253334,-0.6618808327351041
5651557548,39.5,1161114067,115,1492477716000000000,-10.873137893475555,-0.5510887772194305
5651558263,40.5,1161114067,115,1492477747000000000,-10.864526782364445,-0.44029672170375694
5651561494,41.5,1161114067,115,1492477786000000000,-10.85369344903111,-0.32950466618808333
5651562850,42.5,1161114067,115,1492477839000000000,-10.838971226808889,-0.2187126106724097
5651567428,41.5,1161114067,115,1492477940000000000,-10.810915671253333,-0.32950466618808333
5651569601,40.5,1161114067,115,1492477974000000000,-10.80147122680889,-0.44029672170375694
5651571720,39.5,1161114067,115,1492478021000000000,-10.788415671253333,-0.5510887772194305
5651573956,40.5,1161114067,115,1492478084000000000,-10.770915671253332,-0.44029672170375694
5651575237,41.5,1161114067,115,1492478112000000000,-10.763137893475555,-0.32950466618808333
5651576556,42.5,1161114067,115,1492478142000000000,-10.754804560142222,-0.2187126106724097
5651578469,43.5,1161114067,115,1492478177000000000,-10.74508233792,-0.1079205551567361
5651587129,42.5,1161114067,115,1492478346000000000,-10.698137893475556,-0.2187126106724097
5651588924,41.5,1161114067,115,1492478376000000000,-10.689804560142223,-0.32950466618808333
5651593080,42.5,1161114067,115,1492478462000000000,-10.665915671253334,-0.2187126106724097
5651595225,43.5,1161114067,115,1492478506000000000,-10.653693449031111,-0.1079205551567361
5651595971,44.5,1161114067,115,1492478539000000000,-10.644526782364444,0.0028715003589375124
5651605756,43.5,1161114067,115,1492478732000000000,-10.590915671253333,-0.1079205551567361
5651606252,42.5,1161114067,115,1492478760000000000,-10.583137893475556,-0.2187126106724097
5651607624,41.5,1161114067,115,1492478792000000000,-10.574249004586667,-0.32950466618808333
5651610451,42.5,1161114067,115,1492478859000000000,-10.555637893475556,-0.2187126106724097
5651612710,43.5,1161114067,115,1492478899000000000,-10.544526782364445,-0.1079205551567361
5651614196,44.5,1161114067,115,1492478938000000000,-10.53369344903111,0.0028715003589375124
5651617453,45.5,1161114067,115,1492479026000000000,-10.509249004586668,0.11366355587461112
5651622955,44.5,1161114067,115,1492479130000000000,-10.480360115697778,0.0028715003589375124
5651624746,43.5,1161114067,115,1492479168000000000,-10.469804560142222,-0.1079205551567361
5651626136,42.5,1161114067,115,1492479195000000000,-10.462304560142222,-0.2187126106724097
5651627072,41.5,1161114067,115,1492479221000000000,-10.45508233792,-0.32950466618808333
5651628899,42.5,1161114067,115,1492479264000000000,-10.443137893475555,-0.2187126106724097
5651630328,43.5,1161114067,115,1492479299000000000,-10.433415671253334,-0.1079205551567361
5651631096,44.5,1161114067,115,1492479317000000000,-10.428415671253333,0.0028715003589375124
5651634044,45.5,1161114067,115,1492479355000000000,-10.417860115697778,0.11366355587461112
5651644738,44.5,1161114067,115,1492479579000000000,-10.355637893475556,0.0028715003589375124
5651645906,43.5,1161114067,115,1492479606000000000,-10.348137893475556,-0.1079205551567361
5651649754,44.5,1161114067,115,1492479696000000000,-10.323137893475556,0.0028715003589375124
5651651555,45.5,1161114067,115,1492479730000000000,-10.313693449031112,0.11366355587461112
5651660665,44.5,1161114067,115,1492479963000000000,-10.248971226808889,0.0028715003589375124
5651662138,43.5,1161114067,115,1492479999000000000,-10.23897122680889,-0.1079205551567361
5651666591,44.5,1161114067,115,1492480095000000000,-10.212304560142222,0.0028715003589375124
5651668272,45.5,1161114067,115,1492480116000000000,-10.206471226808889,0.11366355587461112
5651670312,46.5,1161114067,115,1492480183000000000,-10.187860115697777,0.22445561139028472
5651676022,45.5,1161114067,115,1492480320000000000,-10.149804560142222,0.11366355587461112
5651677614,44.5,1161114067,115,1492480360000000000,-10.138693449031111,0.0028715003589375124
5651678594,43.5,1161114067,115,1492480379000000000,-10.133415671253333,-0.1079205551567361
5651681127,44.5,1161114067,115,1492480438000000000,-10.117026782364444,0.0028715003589375124
5651682809,45.5,1161114067,115,1492480467000000000,-10.108971226808888,0.11366355587461112
5651685799,46.5,1161114067,115,1492480511000000000,-10.096749004586666,0.22445561139028472
5651721370,44.5,1161114067,115,1492480800000000000,-10.01647122680889,0.0028715003589375124
5651721390,45.5,1161114067,115,1492480833000000000,-10.007304560142222,0.11366355587461112
5651721414,46.5,1161114067,115,1492480874000000000,-9.995915671253334,0.22445561139028472
5651721731,45.5,1161114067,115,1492481085000000000,-9.937304560142222,0.11366355587461112
5651721769,44.5,1161114067,115,1492481137000000000,-9.922860115697778,0.0028715003589375124
5651721799,43.5,1161114067,115,1492481155000000000,-9.917860115697778,-0.1079205551567361
5651722058,44.5,1161114067,115,1492481219000000000,-9.90008233792,0.0028715003589375124
5651722079,45.5,1161114067,115,1492481251000000000,-9.89119344903111,0.11366355587461112
5651722168,46.5,1161114067,115,1492481295000000000,-9.878971226808888,0.22445561139028472
5651727850,45.5,1161114067,115,1492481517000000000,-9.817304560142222,0.11366355587461112
5651729128,44.5,1161114067,115,1492481544000000000,-9.809804560142222,0.0028715003589375124
5651732080,45.5,1161114067,115,1492481624000000000,-9.78758233792,0.11366355587461112
5651733770,46.5,1161114067,115,1492481655000000000,-9.778971226808888,0.22445561139028472
5651744744,45.5,1161114067,115,1492481898000000000,-9.71147122680889,0.11366355587461112
5651745837,44.5,1161114067,115,1492481924000000000,-9.704249004586666,0.0028715003589375124
5651749524,45.5,1161114067,115,1492482002000000000,-9.68258233792,0.11366355587461112
5651750909,46.5,1161114067,115,1492482043000000000,-9.671193449031112,0.22445561139028472
5651754592,47.5,1161114067,115,1492482125000000000,-9.648415671253334,0.33524766690595836
5651761419,46.5,1161114067,115,1492482274000000000,-9.607026782364445,0.22445561139028472
5651762759,45.5,1161114067,115,1492482316000000000,-9.595360115697778,0.11366355587461112
5651764955,44.5,1161114067,115,1492482351000000000,-9.585637893475555,0.0028715003589375124
5651767993,45.5,1161114067,115,1492482435000000000,-9.562304560142222,0.11366355587461112
5651768906,46.5,1161114067,115,1492482463000000000,-9.554526782364444,0.22445561139028472
5651771761,47.5,1161114067,115,1492482531000000000,-9.535637893475556,0.33524766690595836
5651778824,46.5,1161114067,115,1492482688000000000,-9.492026782364444,0.22445561139028472
5651780796,45.5,1161114067,115,1492482726000000000,-9.481471226808889,0.11366355587461112
5651784462,46.5,1161114067,115,1492482818000000000,-9.455915671253333,0.22445561139028472
5651787995,47.5,1161114067,115,1492482874000000000,-9.440360115697779,0.33524766690595836
5651795240,46.5,1161114067,115,1492483076000000000,-9.384249004586668,0.22445561139028472
5651796187,45.5,1161114067,115,1492483105000000000,-9.376193449031112,0.11366355587461112
5651797115,44.5,1161114067,115,1492483132000000000,-9.368693449031111,0.0028715003589375124
5651799733,45.5,1161114067,115,1492483189000000000,-9.352860115697778,0.11366355587461112
5651801613,46.5,1161114067,115,1492483227000000000,-9.342304560142223,0.22445561139028472
5651803169,47.5,1161114067,115,1492483276000000000,-9.32869344903111,0.33524766690595836
5651812360,46.5,1161114067,115,1492483491000000000,-9.268971226808889,0.22445561139028472
5651813499,45.5,1161114067,115,1492483520000000000,-9.260915671253333,0.11366355587461112
5651814840,44.5,1161114067,115,1492483553000000000,-9.251749004586667,0.0028715003589375124
5651816981,45.5,1161114067,115,1492483585000000000,-9.242860115697777,0.11366355587461112
5651819117,46.5,1161114067,115,1492483623000000000,-9.232304560142222,0.22445561139028472
5651820539,47.5,1161114067,115,1492483649000000000,-9.22508233792,0.33524766690595836
5651831514,46.5,1161114067,115,1492483917000000000,-9.150637893475556,0.22445561139028472
5651834090,45.5,1161114067,115,1492483951000000000,-9.14119344903111,0.11366355587461112
5651837286,46.5,1161114067,115,1492484035000000000,-9.117860115697777,0.22445561139028472
5651839370,47.5,1161114067,115,1492484073000000000,-9.107304560142222,0.33524766690595836
5651847800,46.5,1161114067,115,1492484316000000000,-9.039804560142223,0.22445561139028472
5651849357,45.5,1161114067,115,1492484347000000000,-9.031193449031111,0.11366355587461112
5651852952,46.5,1161114067,115,1492484421000000000,-9.010637893475556,0.22445561139028472
5651854568,47.5,1161114067,115,1492484461000000000,-8.999526782364445,0.33524766690595836
5651865290,46.5,1161114067,115,1492484721000000000,-8.927304560142222,0.22445561139028472
5651867072,45.5,1161114067,115,1492484749000000000,-8.919526782364445,0.11366355587461112
5651871384,46.5,1161114067,115,1492484836000000000,-8.895360115697779,0.22445561139028472
5651871407,47.5,1161114067,115,1492484862000000000,-8.888137893475555,0.33524766690595836
5651875330,48.5,1161114067,115,1492484938000000000,-8.867026782364444,0.446039722421632
5651882016,47.5,1161114067,115,1492485109000000000,-8.819526782364445,0.33524766690595836
5651883275,46.5,1161114067,115,1492485134000000000,-8.81258233792,0.22445561139028472
5651884309,45.5,1161114067,115,1492485166000000000,-8.803693449031112,0.11366355587461112
5651887070,46.5,1161114067,115,1492485226000000000,-8.787026782364444,0.22445561139028472
5651888522,47.5,1161114067,115,1492485248000000000,-8.780915671253334,0.33524766690595836
5651890881,48.5,1161114067,115,1492485288000000000,-8.769804560142223,0.446039722421632
5651901040,47.5,1161114067,115,1492485521000000000,-8.70508233792,0.33524766690595836
5651902221,46.5,1161114067,115,1492485557000000000,-8.69508233792,0.22445561139028472
5651906220,47.5,1161114067,115,1492485661000000000,-8.66619344903111,0.33524766690595836
5651908242,48.5,1161114067,115,1492485704000000000,-8.654249004586667,0.446039722421632
5651918336,47.5,1161114067,115,1492485934000000000,-8.590360115697777,0.33524766690595836
5651919671,46.5,1161114067,115,1492485965000000000,-8.581749004586667,0.22445561139028472
5651920654,45.5,1161114067,115,1492485989000000000,-8.57508233792,0.11366355587461112
5651923150,46.5,1161114067,115,1492486052000000000,-8.55758233792,0.22445561139028472
5651924847,47.5,1161114067,115,1492486078000000000,-8.550360115697778,0.33524766690595836
5651925910,48.5,1161114067,115,1492486116000000000,-8.539804560142223,0.446039722421632
5651972767,47.5,1161114067,115,1492486373000000000,-8.468415671253334,0.33524766690595836
5651972806,46.5,1161114067,115,1492486405000000000,-8.459526782364444,0.22445561139028472
5651972822,45.5,1161114067,115,1492486428000000000,-8.453137893475555,0.11366355587461112
5651972881,46.5,1161114067,115,1492486468000000000,-8.442026782364444,0.22445561139028472
5651972900,47.5,1161114067,115,1492486498000000000,-8.43369344903111,0.33524766690595836
5651972920,48.5,1161114067,115,1492486536000000000,-8.423137893475555,0.446039722421632
5651972980,49.5,1161114067,115,1492486626000000000,-8.398137893475555,0.5568317779373055
5651973158,48.5,1161114067,115,1492486750000000000,-8.36369344903111,0.446039722421632
5651973266,47.5,1161114067,115,1492486798000000000,-8.350360115697777,0.33524766690595836
5651973302,46.5,1161114067,115,1492486828000000000,-8.342026782364444,0.22445561139028472
5651973445,47.5,1161114067,115,1492486908000000000,-8.319804560142222,0.33524766690595836
5651973474,48.5,1161114067,115,1492486944000000000,-8.309804560142222,0.446039722421632
5651973600,49.5,1161114067,115,1492487055000000000,-8.278971226808888,0.5568317779373055
5651973834,48.5,1161114067,115,1492487185000000000,-8.242860115697777,0.446039722421632
5651973866,47.5,1161114067,115,1492487223000000000,-8.232304560142222,0.33524766690595836
5651974080,46.5,1161114067,115,1492487251000000000,-8.224526782364444,0.22445561139028472
5651975892,47.5,1161114067,115,1492487309000000000,-8.208415671253332,0.33524766690595836
5651977427,48.5,1161114067,115,1492487344000000000,-8.198693449031111,0.446039722421632
5651980784,49.5,1161114067,115,1492487423000000000,-8.176749004586666,0.5568317779373055
5651987634,48.5,1161114067,115,1492487585000000000,-8.131749004586666,0.446039722421632
5651990179,47.5,1161114067,115,1492487621000000000,-8.121749004586666,0.33524766690595836
5651991593,46.5,1161114067,115,1492487647000000000,-8.114526782364445,0.22445561139028472
5651993789,47.5,1161114067,115,1492487703000000000,-8.098971226808889,0.33524766690595836
5651995726,48.5,1161114067,115,1492487745000000000,-8.087304560142222,0.446039722421632
5651998598,49.5,1161114067,115,1492487817000000000,-8.067304560142222,0.5568317779373055
5652007610,48.5,1161114067,115,1492488012000000000,-8.013137893475555,0.446039722421632
5652010466,47.5,1161114067,115,1492488056000000000,-8.000915671253333,0.33524766690595836
5652028244,46.5,1161114067,115,1492488147000000000,-7.975637893475556,0.22445561139028472
5652028269,45.5,1161114067,115,1492488185000000000,-7.96508233792,0.11366355587461112
5652028290,44.5,1161114067,115,1492488218000000000,-7.955915671253333,0.0028715003589375124
5652028392,43.5,1161114067,115,1492488280000000000,-7.938693449031111,-0.1079205551567361
5652028410,42.5,1161114067,115,1492488313000000000,-7.929526782364444,-0.2187126106724097
5652028435,41.5,1161114067,115,1492488358000000000,-7.917026782364444,-0.32950466618808333
5652028522,40.5,1161114067,115,1492488398000000000,-7.905915671253333,-0.44029672170375694
5652028544,39.5,1161114067,115,1492488432000000000,-7.896471226808889,-0.5510887772194305
5652029447,38.5,1161114067,115,1492488493000000000,-7.879526782364445,-0.6618808327351041
5652032049,37.5,1161114067,115,1492488543000000000,-7.865637893475555,-0.7726728882507777
5652034905,36.5,1161114067,115,1492488606000000000,-7.848137893475555,-0.8834649437664513
5652036887,35.5,1161114067,115,1492488667000000000,-7.831193449031111,-0.994256999282125
5652060938,34.5,1161114067,115,1492488767000000000,-7.803415671253333,-1.1050490547977987
5652061105,33.5,1161114067,115,1492488885000000000,-7.770637893475556,-1.215841110313472
5652061411,32.5,1161114067,115,1492489064000000000,-7.720915671253334,-1.3266331658291457
5652063039,33.5,1161114067,115,1492489265000000000,-7.66508233792,-1.215841110313472
5652069531,32.5,1161114067,115,1492489422000000000,-7.621471226808889,-1.3266331658291457
5652093464,33.5,1161114067,115,1492489968000000000,-7.469804560142222,-1.215841110313472
5652114945,34.5,1161114067,115,1492490464000000000,-7.332026782364444,-1.1050490547977987
5652134371,35.5,1161114067,115,1492490920000000000,-7.205360115697777,-0.994256999282125
5652152829,36.5,1161114067,115,1492491348000000000,-7.0864712268088885,-0.8834649437664513
5652173955,37.5,1161114067,115,1492491832000000000,-6.952026782364444,-0.7726728882507777
5652196033,38.5,1161114067,115,1492492357000000000,-6.806193449031111,-0.6618808327351041
5652224939,39.5,1161114067,115,1492493008000000000,-6.625360115697778,-0.5510887772194305
5652257946,40.5,1161114067,115,1492493733000000000,-6.423971226808889,-0.44029672170375694
5652299578,41.5,1161114067,115,1492494609000000000,-6.180637893475556,-0.32950466618808333
5652349432,42.5,1161114067,115,1492495682000000000,-5.88258233792,-0.2187126106724097
5652411537,43.5,1161114067,115,1492496991000000000,-5.518971226808889,-0.1079205551567361
5652491952,44.5,1161114067,115,1492498708000000000,-5.042026782364444,0.0028715003589375124
5652573836,43.5,1161114067,115,1492500459000000000,-4.555637893475556,-0.1079205551567361
5652575754,42.5,1161114067,115,1492500495000000000,-4.545637893475556,-0.2187126106724097
5652579103,41.5,1161114067,115,1492500557000000000,-4.528415671253334,-0.32950466618808333
5652584248,42.5,1161114067,115,1492500661000000000,-4.499526782364445,-0.2187126106724097
5652585414,43.5,1161114067,115,1492500688000000000,-4.492026782364444,-0.1079205551567361
5652586640,44.5,1161114067,115,1492500716000000000,-4.484249004586666,0.0028715003589375124
5652588927,45.5,1161114067,115,1492500755000000000,-4.473415671253333,0.11366355587461112
5652590545,46.5,1161114067,115,1492500801000000000,-4.460637893475556,0.22445561139028472
5652596896,45.5,1161114067,115,1492500948000000000,-4.4198045601422224,0.11366355587461112
5652598803,44.5,1161114067,115,1492500977000000000,-4.4117490045866665,0.0028715003589375124
5652601592,45.5,1161114067,115,1492501056000000000,-4.389804560142222,0.11366355587461112
5652602958,46.5,1161114067,115,1492501090000000000,-4.380360115697778,0.22445561139028472
5652604788,47.5,1161114067,115,1492501131000000000,-4.368971226808889,0.33524766690595836
5652609670,48.5,1161114067,115,1492501237000000000,-4.339526782364445,0.446039722421632
5652613235,47.5,1161114067,115,1492501314000000000,-4.318137893475556,0.33524766690595836
5652614934,46.5,1161114067,115,1492501353000000000,-4.307304560142223,0.22445561139028472
5652616235,45.5,1161114067,115,1492501379000000000,-4.30008233792,0.11366355587461112
5652618126,46.5,1161114067,115,1492501420000000000,-4.288693449031111,0.22445561139028472
5652619714,47.5,1161114067,115,1492501450000000000,-4.2803601156977775,0.33524766690595836
5652621082,48.5,1161114067,115,1492501487000000000,-4.27008233792,0.446039722421632
5652633253,47.5,1161114067,115,1492501722000000000,-4.204804560142223,0.33524766690595836
5652634622,46.5,1161114067,115,1492501752000000000,-4.196471226808889,0.22445561139028472
5652636042,45.5,1161114067,115,1492501785000000000,-4.1873045601422225,0.11366355587461112
5652638442,46.5,1161114067,115,1492501840000000000,-4.172026782364444,0.22445561139028472
5652641503,47.5,1161114067,115,1492501879000000000,-4.161193449031111,0.33524766690595836
5652642232,48.5,1161114067,115,1492501915000000000,-4.151193449031111,0.446039722421632
5652646463,49.5,1161114067,115,1492501988000000000,-4.130915671253334,0.5568317779373055
5652653409,48.5,1161114067,115,1492502132000000000,-4.090915671253334,0.446039722421632
5652654321,47.5,1161114067,115,1492502161000000000,-4.082860115697778,0.33524766690595836
5652659044,48.5,1161114067,115,1492502263000000000,-4.054526782364444,0.446039722421632
5652661586,49.5,1161114067,115,1492502312000000000,-4.040915671253333,0.5568317779373055
5652672757,48.5,1161114067,115,1492502537000000000,-3.9784156712533334,0.446039722421632
5652674270,47.5,1161114067,115,1492502572000000000,-3.968693449031111,0.33524766690595836
5652677946,48.5,1161114067,115,1492502650000000000,-3.9470267823644445,0.446039722421632
5652680178,49.5,1161114067,115,1492502686000000000,-3.9370267823644443,0.5568317779373055
5652691628,48.5,1161114067,115,1492502926000000000,-3.870360115697778,0.446039722421632
5652693119,47.5,1161114067,115,1492502964000000000,-3.8598045601422224,0.33524766690595836
5652697585,48.5,1161114067,115,1492503046000000000,-3.8370267823644446,0.446039722421632
5652699001,49.5,1161114067,115,1492503075000000000,-3.8289712268088887,0.5568317779373055
5652712214,48.5,1161114067,115,1492503318000000000,-3.761471226808889,0.446039722421632
5652717456,49.5,1161114067,115,1492503422000000000,-3.73258233792,0.5568317779373055
5652730149,48.5,1161114067,115,1492503660000000000,-3.666471226808889,0.446039722421632
5652730946,47.5,1161114067,115,1492503685000000000,-3.6595267823644444,0.33524766690595836
5652732702,48.5,1161114067,115,1492503723000000000,-3.648971226808889,0.446039722421632
5652734104,49.5,1161114067,115,1492503752000000000,-3.6409156712533335,0.5568317779373055
5652737448,50.5,1161114067,115,1492503814000000000,-3.6236934490311112,0.6676238334529792
5652745848,49.5,1161114067,115,1492503997000000000,-3.572860115697778,0.5568317779373055
5652747758,48.5,1161114067,115,1492504029000000000,-3.563971226808889,0.446039722421632
5652748884,47.5,1161114067,115,1492504051000000000,-3.557860115697778,0.33524766690595836
5652752436,48.5,1161114067,115,1492504121000000000,-3.5384156712533334,0.446039722421632
5652753290,49.5,1161114067,115,1492504152000000000,-3.5298045601422223,0.5568317779373055
5652755681,50.5,1161114067,115,1492504187000000000,-3.52008233792,0.6676238334529792
5652767704,49.5,1161114067,115,1492504419000000000,-3.4556378934755556,0.5568317779373055
5652769245,48.5,1161114067,115,1492504459000000000,-3.4445267823644445,0.446039722421632
5652773501,49.5,1161114067,115,1492504536000000000,-3.4231378934755554,0.5568317779373055
5652775956,50.5,1161114067,115,1492504580000000000,-3.4109156712533335,0.6676238334529792
5652787699,49.5,1161114067,115,1492504821000000000,-3.343971226808889,0.5568317779373055
5652789611,48.5,1161114067,115,1492504854000000000,-3.334804560142222,0.446039722421632
5652793998,49.5,1161114067,115,1492504932000000000,-3.3131378934755555,0.5568317779373055
5652795915,50.5,1161114067,115,1492504975000000000,-3.301193449031111,0.6676238334529792
5652806739,49.5,1161114067,115,1492505200000000000,-3.238693449031111,0.5568317779373055
5652808460,48.5,1161114067,115,1492505220000000000,-3.2331378934755555,0.446039722421632
5652812792,49.5,1161114067,115,1492505317000000000,-3.2061934490311113,0.5568317779373055
5652814940,50.5,1161114067,115,1492505354000000000,-3.195915671253333,0.6676238334529792
5652816761,51.5,1161114067,115,1492505400000000000,-3.1831378934755556,0.7784158889686528
5652827551,50.5,1161114067,115,1492505611000000000,-3.1245267823644443,0.6676238334529792
5652828695,49.5,1161114067,115,1492505633000000000,-3.1184156712533335,0.5568317779373055
5652830750,48.5,1161114067,115,1492505665000000000,-3.1095267823644446,0.446039722421632
5652834251,49.5,1161114067,115,1492505737000000000,-3.0895267823644446,0.5568317779373055
5652835596,50.5,1161114067,115,1492505769000000000,-3.0806378934755556,0.6676238334529792
5652839211,51.5,1161114067,115,1492505830000000000,-3.063693449031111,0.7784158889686528
5652849274,50.5,1161114067,115,1492506027000000000,-3.008971226808889,0.6676238334529792
5652850949,49.5,1161114067,115,1492506061000000000,-2.9995267823644443,0.5568317779373055
5652852423,48.5,1161114067,115,1492506083000000000,-2.9934156712533335,0.446039722421632
5652854793,49.5,1161114067,115,1492506135000000000,-2.978971226808889,0.5568317779373055
5652857103,50.5,1161114067,115,1492506170000000000,-2.9692490045866666,0.6676238334529792
5652858345,51.5,1161114067,115,1492506198000000000,-2.961471226808889,0.7784158889686528
5652870087,50.5,1161114067,115,1492506427000000000,-2.8978601156977777,0.6676238334529792
5652871598,49.5,1161114067,115,1492506456000000000,-2.889804560142222,0.5568317779373055
5652872938,48.5,1161114067,115,1492506479000000000,-2.883415671253333,0.446039722421632
5652876604,49.5,1161114067,115,1492506551000000000,-2.863415671253333,0.5568317779373055
5652877917,50.5,1161114067,115,1492506579000000000,-2.8556378934755555,0.6676238334529792
5652881475,51.5,1161114067,115,1492506635000000000,-2.84008233792,0.7784158889686528
5652887340,52.5,1161114067,115,1492506755000000000,-2.8067490045866665,0.8892079444843264
5652891020,51.5,1161114067,115,1492506829000000000,-2.7861934490311113,0.7784158889686528
5652893390,50.5,1161114067,115,1492506875000000000,-2.7734156712533333,0.6676238334529792
5652894479,49.5,1161114067,115,1492506900000000000,-2.7664712268088887,0.5568317779373055
5652898916,50.5,1161114067,115,1492506979000000000,-2.7445267823644444,0.6676238334529792
5652900145,51.5,1161114067,115,1492507014000000000,-2.7348045601422224,0.7784158889686528
5652907961,52.5,1161114067,115,1492507148000000000,-2.69758233792,0.8892079444843264
5652911338,51.5,1161114067,115,1492507215000000000,-2.6789712268088888,0.7784158889686528
5652913097,50.5,1161114067,115,1492507252000000000,-2.668693449031111,0.6676238334529792
5652914439,49.5,1161114067,115,1492507278000000000,-2.6614712268088887,0.5568317779373055
5652915858,48.5,1161114067,115,1492507303000000000,-2.6545267823644445,0.446039722421632
5652918364,49.5,1161114067,115,1492507360000000000,-2.638693449031111,0.5568317779373055
5652919638,50.5,1161114067,115,1492507387000000000,-2.631193449031111,0.6676238334529792
5652921591,51.5,1161114067,115,1492507426000000000,-2.620360115697778,0.7784158889686528
5652925625,52.5,1161114067,115,1492507491000000000,-2.602304560142222,0.8892079444843264
5652933536,51.5,1161114067,115,1492507664000000000,-2.5542490045866666,0.7784158889686528
5652934693,50.5,1161114067,115,1492507685000000000,-2.5484156712533332,0.6676238334529792
5652935796,49.5,1161114067,115,1492507706000000000,-2.54258233792,0.5568317779373055
5652939370,50.5,1161114067,115,1492507778000000000,-2.52258233792,0.6676238334529792
5652940864,51.5,1161114067,115,1492507811000000000,-2.5134156712533335,0.7784158889686528
5652942683,52.5,1161114067,115,1492507853000000000,-2.501749004586667,0.8892079444843264
5652952293,51.5,1161114067,115,1492508062000000000,-2.443693449031111,0.7784158889686528
5652953647,50.5,1161114067,115,1492508085000000000,-2.437304560142222,0.6676238334529792
5652954516,49.5,1161114067,115,1492508113000000000,-2.4295267823644444,0.5568317779373055
5652955493,48.5,1161114067,115,1492508135000000000,-2.4234156712533332,0.446039722421632
5652957805,49.5,1161114067,115,1492508175000000000,-2.412304560142222,0.5568317779373055
5652961555,50.5,1161114067,115,1492508210000000000,-2.40258233792,0.6676238334529792
5652962652,51.5,1161114067,115,1492508247000000000,-2.392304560142222,0.7784158889686528
5652964075,52.5,1161114067,115,1492508278000000000,-2.383693449031111,0.8892079444843264
5652975044,51.5,1161114067,115,1492508484000000000,-2.3264712268088887,0.7784158889686528
5652976168,50.5,1161114067,115,1492508510000000000,-2.3192490045866667,0.6676238334529792
5652977350,49.5,1161114067,115,1492508540000000000,-2.3109156712533334,0.5568317779373055
5652978437,48.5,1161114067,115,1492508562000000000,-2.3048045601422222,0.446039722421632
5652980391,49.5,1161114067,115,1492508604000000000,-2.2931378934755555,0.5568317779373055
5652982340,50.5,1161114067,115,1492508640000000000,-2.2831378934755557,0.6676238334529792
5652984103,51.5,1161114067,115,1492508676000000000,-2.2731378934755555,0.7784158889686528
5652986124,52.5,1161114067,115,1492508717000000000,-2.2617490045866666,0.8892079444843264
5652997755,51.5,1161114067,115,1492508941000000000,-2.1995267823644444,0.7784158889686528
5652999440,50.5,1161114067,115,1492508972000000000,-2.1909156712533333,0.6676238334529792
5653000452,49.5,1161114067,115,1492508997000000000,-2.183971226808889,0.5568317779373055
5653003987,50.5,1161114067,115,1492509076000000000,-2.1620267823644443,0.6676238334529792
5653005455,51.5,1161114067,115,1492509108000000000,-2.1531378934755554,0.7784158889686528
5653007902,52.5,1161114067,115,1492509141000000000,-2.143971226808889,0.8892079444843264
5653020015,51.5,1161114067,115,1492509397000000000,-2.072860115697778,0.7784158889686528
5653020715,50.5,1161114067,115,1492509415000000000,-2.0678601156977776,0.6676238334529792
5653022091,49.5,1161114067,115,1492509444000000000,-2.059804560142222,0.5568317779373055
5653024684,50.5,1161114067,115,1492509496000000000,-2.0453601156977776,0.6676238334529792
5653025461,51.5,1161114067,115,1492509521000000000,-2.0384156712533334,0.7784158889686528
5653028188,52.5,1161114067,115,1492509564000000000,-2.026471226808889,0.8892079444843264
5653030709,53.5,1161114067,115,1492509620000000000,-2.010915671253333,1.0
5653037128,52.5,1161114067,115,1492509770000000000,-1.9692490045866666,0.8892079444843264
5653038942,51.5,1161114067,115,1492509804000000000,-1.9598045601422223,0.7784158889686528
5653039763,50.5,1161114067,115,1492509828000000000,-1.9531378934755557,0.6676238334529792
5653041455,49.5,1161114067,115,1492509856000000000,-1.9453601156977778,0.5568317779373055
5653044029,50.5,1161114067,115,1492509908000000000,-1.9309156712533333,0.6676238334529792
5653045511,51.5,1161114067,115,1492509934000000000,-1.923693449031111,0.7784158889686528
5653048220,52.5,1161114067,115,1492510003000000000,-1.9045267823644445,0.8892079444843264
5653050663,53.5,1161114067,115,1492510050000000000,-1.891471226808889,1.0
5653057247,52.5,1161114067,115,1492510181000000000,-1.85508233792,0.8892079444843264
5653059285,51.5,1161114067,115,1492510213000000000,-1.8461934490311112,0.7784158889686528
5653060132,50.5,1161114067,115,1492510234000000000,-1.8403601156977778,0.6676238334529792
5653061585,49.5,1161114067,115,1492510264000000000,-1.8320267823644445,0.5568317779373055
5653064146,50.5,1161114067,115,1492510317000000000,-1.8173045601422222,0.6676238334529792
5653065529,51.5,1161114067,115,1492510349000000000,-1.8084156712533332,0.7784158889686528
5653067166,52.5,1161114067,115,1492510383000000000,-1.7989712268088889,0.8892079444843264
5653070331,53.5,1161114067,115,1492510456000000000,-1.778693449031111,1.0
5653076713,52.5,1161114067,115,1492510587000000000,-1.7423045601422222,0.8892079444843264
5653078102,51.5,1161114067,115,1492510616000000000,-1.7342490045866668,0.7784158889686528
5653079098,50.5,1161114067,115,1492510637000000000,-1.7284156712533334,0.6676238334529792
5653080126,49.5,1161114067,115,1492510659000000000,-1.7223045601422222,0.5568317779373055
5653083529,50.5,1161114067,115,1492510723000000000,-1.7045267823644445,0.6676238334529792
5653085272,51.5,1161114067,115,1492510757000000000,-1.69508233792,0.7784158889686528
5653086727,52.5,1161114067,115,1492510785000000000,-1.6873045601422223,0.8892079444843264
5653089894,53.5,1161114067,115,1492510849000000000,-1.6695267823644444,1.0
5653097228,52.5,1161114067,115,1492511013000000000,-1.6239712268088888,0.8892079444843264
5653098540,51.5,1161114067,115,1492511040000000000,-1.616471226808889,0.7784158889686528
5653099938,50.5,1161114067,115,1492511061000000000,-1.6106378934755556,0.6676238334529792
5653100656,49.5,1161114067,115,1492511088000000000,-1.6031378934755556,0.5568317779373055
5653109546,48.5,1161114067,115,1492511267000000000,-1.5534156712533334,0.446039722421632
5653111895,47.5,1161114067,115,1492511313000000000,-1.5406378934755556,0.33524766690595836
5653113902,46.5,1161114067,115,1492511361000000000,-1.5273045601422222,0.22445561139028472
5653118260,45.5,1161114067,115,1492511374000000000,-1.5236934490311111,0.11366355587461112
5653118928,44.5,1161114067,115,1492511415000000000,-1.5123045601422223,0.0028715003589375124
5653121129,43.5,1161114067,115,1492511459000000000,-1.50008233792,-0.1079205551567361
5653123071,42.5,1161114067,115,1492511498000000000,-1.4892490045866666,-0.2187126106724097
5653125645,41.5,1161114067,115,1492511548000000000,-1.4753601156977778,-0.32950466618808333
5653129335,40.5,1161114067,115,1492511628000000000,-1.4531378934755557,-0.44029672170375694
5653131141,39.5,1161114067,115,1492511670000000000,-1.441471226808889,-0.5510887772194305
5653134509,38.5,1161114067,115,1492511737000000000,-1.4228601156977778,-0.6618808327351041
5653139346,37.5,1161114067,115,1492511819000000000,-1.40008233792,-0.7726728882507777
5653144900,36.5,1161114067,115,1492511928000000000,-1.3698045601422222,-0.8834649437664513
5653150674,35.5,1161114067,115,1492512048000000000,-1.336471226808889,-0.994256999282125
5653160595,34.5,1161114067,115,1492512232000000000,-1.2853601156977779,-1.1050490547977987
5653173493,33.5,1161114067,115,1492512474000000000,-1.2181378934755556,-1.215841110313472
5653204127,32.5,1161114067,115,1492513067000000000,-1.0534156712533334,-1.3266331658291457
5653206337,33.5,1161114067,115,1492513115000000000,-1.04008233792,-1.215841110313472
5653217800,34.5,1161114067,115,1492513332000000000,-0.9798045601422222,-1.1050490547977987
5653218866,33.5,1161114067,115,1492513356000000000,-0.9731378934755556,-1.215841110313472
5653221906,32.5,1161114067,115,1492513411000000000,-0.9578601156977777,-1.3266331658291457
5653225505,33.5,1161114067,115,1492513486000000000,-0.9370267823644445,-1.215841110313472
5653227490,32.5,1161114067,115,1492513523000000000,-0.9267490045866666,-1.3266331658291457
5653240782,33.5,1161114067,115,1492513774000000000,-0.8570267823644444,-1.215841110313472
5653254036,34.5,1161114067,115,1492514035000000000,-0.7845267823644444,-1.1050490547977987
5653280835,35.5,1161114067,115,1492514567000000000,-0.6367490045866666,-0.994256999282125
5653302164,36.5,1161114067,115,1492515012000000000,-0.5131378934755556,-0.8834649437664513
5653325970,37.5,1161114067,115,1492515512000000000,-0.37424900458666666,-0.7726728882507777
5653366899,38.5,1161114067,115,1492516382000000000,-0.13258233792,-0.6618808327351041
5653380940,37.5,1161114067,115,1492516689000000000,-0.04730456014222222,-0.7726728882507777
5653382582,36.5,1161114067,115,1492516736000000000,-0.034249004586666666,-0.8834649437664513
5653387105,35.5,1161114067,115,1492516821000000000,-0.010637893475555556,-0.994256999282125
5653388864,36.5,1161114067,115,1492516876000000000,0.0046398843022222224,-0.8834649437664513
5653390396,37.5,1161114067,115,1492516898000000000,0.010750995413333334,-0.7726728882507777
5653391030,38.5,1161114067,115,1492516924000000000,0.017973217635555556,-0.6618808327351041
5653392800,39.5,1161114067,115,1492516953000000000,0.02602877319111111,-0.5510887772194305
5653393914,40.5,1161114067,115,1492516973000000000,0.03158432874666667,-0.44029672170375694
5653395292,41.5,1161114067,115,1492517014000000000,0.042973217635555554,-0.32950466618808333
5653396615,42.5,1161114067,115,1492517047000000000,0.052139884302222224,-0.2187126106724097
5653404683,41.5,1161114067,115,1492517215000000000,0.09880655096888889,-0.32950466618808333
5653405871,40.5,1161114067,115,1492517255000000000,0.10991766208,-0.44029672170375694
5653407031,39.5,1161114067,115,1492517283000000000,0.11769543985777778,-0.5510887772194305
5653410172,40.5,1161114067,115,1492517341000000000,0.13380655096888888,-0.44029672170375694
5653411895,41.5,1161114067,115,1492517382000000000,0.14519543985777777,-0.32950466618808333
5653412658,42.5,1161114067,115,1492517396000000000,0.14908432874666666,-0.2187126106724097
5653414004,43.5,1161114067,115,1492517425000000000,0.15713988430222223,-0.1079205551567361
5653416270,44.5,1161114067,115,1492517481000000000,0.17269543985777777,0.0028715003589375124
5653418713,45.5,1161114067,115,1492517540000000000,0.18908432874666667,0.11366355587461112
5653421932,44.5,1161114067,115,1492517614000000000,0.20963988430222222,0.0028715003589375124
5653424170,43.5,1161114067,115,1492517653000000000,0.22047321763555555,-0.1079205551567361
5653425439,42.5,1161114067,115,1492517685000000000,0.22936210652444444,-0.2187126106724097
5653426269,41.5,1161114067,115,1492517721000000000,0.23936210652444445,-0.32950466618808333
5653427734,40.5,1161114067,115,1492517751000000000,0.24769543985777778,-0.44029672170375694
5653429890,41.5,1161114067,115,1492517790000000000,0.2585287731911111,-0.32950466618808333
5653431093,42.5,1161114067,115,1492517820000000000,0.2668621065244444,-0.2187126106724097
5653432269,43.5,1161114067,115,1492517841000000000,0.2726954398577778,-0.1079205551567361
5653433109,44.5,1161114067,115,1492517863000000000,0.2788065509688889,0.0028715003589375124
5653435560,45.5,1161114067,115,1492517907000000000,0.2910287731911111,0.11366355587461112
5653437934,46.5,1161114067,115,1492517984000000000,0.31241766208,0.22445561139028472
5653442099,45.5,1161114067,115,1492518075000000000,0.3376954398577778,0.11366355587461112
5653443608,44.5,1161114067,115,1492518111000000000,0.3476954398577778,0.0028715003589375124
5653445146,43.5,1161114067,115,1492518134000000000,0.3540843287466667,-0.1079205551567361
5653446234,42.5,1161114067,115,1492518169000000000,0.36380655096888886,-0.2187126106724097
5653448437,43.5,1161114067,115,1492518220000000000,0.3779732176355556,-0.1079205551567361
5653450568,44.5,1161114067,115,1492518253000000000,0.38713988430222224,0.0028715003589375124
5653451367,45.5,1161114067,115,1492518286000000000,0.3963065509688889,0.11366355587461112
5653452712,46.5,1161114067,115,1492518315000000000,0.40436210652444443,0.22445561139028472
5653461743,45.5,1161114067,115,1492518493000000000,0.4538065509688889,0.11366355587461112
5653462947,44.5,1161114067,115,1492518520000000000,0.4613065509688889,0.0028715003589375124
5653464373,43.5,1161114067,115,1492518553000000000,0.47047321763555555,-0.1079205551567361
5653469208,44.5,1161114067,115,1492518640000000000,0.4946398843022222,0.0028715003589375124
5653470494,45.5,1161114067,115,1492518663000000000,0.5010287731911112,0.11366355587461112
5653471917,46.5,1161114067,115,1492518687000000000,0.5076954398577778,0.22445561139028472
5653474819,47.5,1161114067,115,1492518767000000000,0.52991766208,0.33524766690595836
5653480303,46.5,1161114067,115,1492518880000000000,0.5613065509688889,0.22445561139028472
5653480359,45.5,1161114067,115,1492518902000000000,0.56741766208,0.11366355587461112
5653481690,44.5,1161114067,115,1492518937000000000,0.5771398843022222,0.0028715003589375124
5653483122,43.5,1161114067,115,1492518965000000000,0.58491766208,-0.1079205551567361
5653486485,44.5,1161114067,115,1492519036000000000,0.6046398843022223,0.0028715003589375124
5653489488,45.5,1161114067,115,1492519073000000000,0.61491766208,0.11366355587461112
5653489509,46.5,1161114067,115,1492519089000000000,0.6193621065244445,0.22445561139028472
5653491144,47.5,1161114067,115,1492519125000000000,0.6293621065244445,0.33524766690595836
5653495336,48.5,1161114067,115,1492519227000000000,0.6576954398577778,0.446039722421632
5653498353,47.5,1161114067,115,1492519273000000000,0.6704732176355556,0.33524766690595836
5653499560,46.5,1161114067,115,1492519311000000000,0.6810287731911111,0.22445561139028472
5653500757,45.5,1161114067,115,1492519336000000000,0.6879732176355555,0.11366355587461112
5653501804,44.5,1161114067,115,1492519360000000000,0.6946398843022222,0.0028715003589375124
5653502693,43.5,1161114067,115,1492519381000000000,0.7004732176355556,-0.1079205551567361
5653506725,44.5,1161114067,115,1492519469000000000,0.72491766208,0.0028715003589375124
5653507454,45.5,1161114067,115,1492519490000000000,0.7307509954133333,0.11366355587461112
5653508625,46.5,1161114067,115,1492519517000000000,0.7382509954133334,0.22445561139028472
5653511620,47.5,1161114067,115,1492519583000000000,0.7565843287466667,0.33524766690595836
5653518025,46.5,1161114067,115,1492519731000000000,0.7976954398577778,0.22445561139028472
5653519950,45.5,1161114067,115,1492519760000000000,0.8057509954133333,0.11366355587461112
5653521053,44.5,1161114067,115,1492519787000000000,0.8132509954133333,0.0028715003589375124
5653522354,43.5,1161114067,115,1492519814000000000,0.8207509954133333,-0.1079205551567361
5653524722,44.5,1161114067,115,1492519867000000000,0.8354732176355556,0.0028715003589375124
5653525677,45.5,1161114067,115,1492519893000000000,0.8426954398577777,0.11366355587461112
5653526687,46.5,1161114067,115,1492519918000000000,0.8496398843022223,0.22445561139028472
5653528163,47.5,1161114067,115,1492519954000000000,0.8596398843022223,0.33524766690595836
5653533281,48.5,1161114067,115,1492520060000000000,0.8890843287466667,0.446039722421632
5653536424,47.5,1161114067,115,1492520115000000000,0.9043621065244445,0.33524766690595836
5653538188,46.5,1161114067,115,1492520153000000000,0.91491766208,0.22445561139028472
5653539413,45.5,1161114067,115,1492520182000000000,0.9229732176355555,0.11366355587461112
5653540337,44.5,1161114067,115,1492520206000000000,0.9296398843022222,0.0028715003589375124
5653544010,45.5,1161114067,115,1492520286000000000,0.9518621065244445,0.11366355587461112
5653545881,46.5,1161114067,115,1492520316000000000,0.9601954398577778,0.22445561139028472
5653546725,47.5,1161114067,115,1492520345000000000,0.9682509954133334,0.33524766690595836
5653549355,48.5,1161114067,115,1492520407000000000,0.9854732176355555,0.446039722421632
5653554619,47.5,1161114067,115,1492520524000000000,1.0179732176355556,0.33524766690595836
5653555232,46.5,1161114067,115,1492520550000000000,1.0251954398577778,0.22445561139028472
5653556361,45.5,1161114067,115,1492520577000000000,1.0326954398577777,0.11366355587461112
5653558057,44.5,1161114067,115,1492520606000000000,1.0407509954133334,0.0028715003589375124
5653561542,45.5,1161114067,115,1492520682000000000,1.0618621065244445,0.11366355587461112
5653562191,46.5,1161114067,115,1492520701000000000,1.0671398843022222,0.22445561139028472
5653563427,47.5,1161114067,115,1492520734000000000,1.076306550968889,0.33524766690595836
5653565793,48.5,1161114067,115,1492520791000000000,1.0921398843022223,0.446039722421632
5653569580,49.5,1161114067,115,1492520856000000000,1.1101954398577778,0.5568317779373055
5653571437,48.5,1161114067,115,1492520904000000000,1.1235287731911112,0.446039722421632
5653572799,47.5,1161114067,115,1492520940000000000,1.133528773191111,0.33524766690595836
5653573848,46.5,1161114067,115,1492520963000000000,1.13991766208,0.22445561139028472
5653576185,45.5,1161114067,115,1492520990000000000,1.14741766208,0.11366355587461112
5653578129,44.5,1161114067,115,1492521019000000000,1.1554732176355555,0.0028715003589375124
5653579204,43.5,1161114067,115,1492521054000000000,1.1651954398577777,-0.1079205551567361
5653580627,44.5,1161114067,115,1492521084000000000,1.173528773191111,0.0028715003589375124
5653582123,45.5,1161114067,115,1492521118000000000,1.1829732176355556,0.11366355587461112
5653583274,46.5,1161114067,115,1492521143000000000,1.18991766208,0.22445561139028472
5653584182,47.5,1161114067,115,1492521167000000000,1.1965843287466666,0.33524766690595836
5653586153,48.5,1161114067,115,1492521210000000000,1.2085287731911112,0.446039722421632
5653588355,49.5,1161114067,115,1492521261000000000,1.2226954398577778,0.5568317779373055
5653592887,48.5,1161114067,115,1492521348000000000,1.2468621065244445,0.446039722421632
5653594250,47.5,1161114067,115,1492521383000000000,1.2565843287466667,0.33524766690595836
5653595862,46.5,1161114067,115,1492521411000000000,1.2643621065244444,0.22445561139028472
5653596881,45.5,1161114067,115,1492521428000000000,1.2690843287466667,0.11366355587461112
5653598240,44.5,1161114067,115,1492521455000000000,1.2765843287466667,0.0028715003589375124
5653599900,43.5,1161114067,115,1492521488000000000,1.2857509954133333,-0.1079205551567361
5653601093,44.5,1161114067,115,1492521512000000000,1.29241766208,0.0028715003589375124
5653602244,45.5,1161114067,115,1492521540000000000,1.3001954398577777,0.11366355587461112
5653603074,46.5,1161114067,115,1492521562000000000,1.306306550968889,0.22445561139028472
5653604227,47.5,1161114067,115,1492521585000000000,1.3126954398577777,0.33524766690595836
5653605750,48.5,1161114067,115,1492521619000000000,1.3221398843022223,0.446039722421632
5653610057,49.5,1161114067,115,1492521688000000000,1.3413065509688888,0.5568317779373055
5653614301,48.5,1161114067,115,1492521792000000000,1.3701954398577778,0.446039722421632
5653615454,47.5,1161114067,115,1492521818000000000,1.37741766208,0.33524766690595836
5653616425,46.5,1161114067,115,1492521842000000000,1.3840843287466666,0.22445561139028472
5653618316,45.5,1161114067,115,1492521872000000000,1.39241766208,0.11366355587461112
5653619611,44.5,1161114067,115,1492521900000000000,1.4001954398577778,0.0028715003589375124
5653620943,45.5,1161114067,115,1492521941000000000,1.4115843287466667,0.11366355587461112
5653622905,46.5,1161114067,115,1492521973000000000,1.4204732176355555,0.22445561139028472
5653624199,47.5,1161114067,115,1492522000000000000,1.4279732176355555,0.33524766690595836
5653626007,48.5,1161114067,115,1492522038000000000,1.4385287731911112,0.446039722421632
5653627299,49.5,1161114067,115,1492522070000000000,1.44741766208,0.5568317779373055
5653632403,48.5,1161114067,115,1492522194000000000,1.4818621065244444,0.446039722421632
5653634599,47.5,1161114067,115,1492522223000000000,1.48991766208,0.33524766690595836
5653635795,46.5,1161114067,115,1492522249000000000,1.4971398843022221,0.22445561139028472
5653637269,45.5,1161114067,115,1492522280000000000,1.5057509954133332,0.11366355587461112
5653639291,46.5,1161114067,115,1492522328000000000,1.5190843287466667,0.22445561139028472
5653641506,47.5,1161114067,115,1492522359000000000,1.5276954398577778,0.33524766690595836
5653642910,48.5,1161114067,115,1492522384000000000,1.5346398843022222,0.446039722421632
5653644819,49.5,1161114067,115,1492522418000000000,1.5440843287466666,0.5568317779373055
5653652608,48.5,1161114067,115,1492522578000000000,1.588528773191111,0.446039722421632
5653653389,47.5,1161114067,115,1492522608000000000,1.5968621065244444,0.33524766690595836
5653654896,46.5,1161114067,115,1492522637000000000,1.60491766208,0.22445561139028472
5653655999,45.5,1161114067,115,1492522668000000000,1.6135287731911112,0.11366355587461112
5653659622,46.5,1161114067,115,1492522748000000000,1.6357509954133334,0.22445561139028472
5653660890,47.5,1161114067,115,1492522781000000000,1.64491766208,0.33524766690595836
5653662602,48.5,1161114067,115,1492522812000000000,1.653528773191111,0.446039722421632
5653664865,49.5,1161114067,115,1492522878000000000,1.6718621065244443,0.5568317779373055
5653670653,48.5,1161114067,115,1492523003000000000,1.7065843287466667,0.446039722421632
5653671644,47.5,1161114067,115,1492523027000000000,1.7132509954133333,0.33524766690595836
5653673554,46.5,1161114067,115,1492523052000000000,1.7201954398577777,0.22445561139028472
5653674567,45.5,1161114067,115,1492523081000000000,1.7282509954133334,0.11366355587461112
5653678354,46.5,1161114067,115,1492523165000000000,1.7515843287466666,0.22445561139028472
5653679535,47.5,1161114067,115,1492523188000000000,1.7579732176355556,0.33524766690595836
5653681148,48.5,1161114067,115,1492523213000000000,1.76491766208,0.446039722421632
5653683939,49.5,1161114067,115,1492523277000000000,1.7826954398577777,0.5568317779373055
5653689429,48.5,1161114067,115,1492523397000000000,1.8160287731911111,0.446039722421632
5653690912,47.5,1161114067,115,1492523428000000000,1.8246398843022222,0.33524766690595836
5653692019,46.5,1161114067,115,1492523454000000000,1.8318621065244445,0.22445561139028472
5653692993,45.5,1161114067,115,1492523477000000000,1.8382509954133333,0.11366355587461112
5653694339,44.5,1161114067,115,1492523507000000000,1.8465843287466666,0.0028715003589375124
5653695739,43.5,1161114067,115,1492523534000000000,1.8540843287466666,-0.1079205551567361
5653698087,44.5,1161114067,115,1492523563000000000,1.8621398843022223,0.0028715003589375124
5653700107,45.5,1161114067,115,1492523590000000000,1.8696398843022222,0.11366355587461112
5653700847,46.5,1161114067,115,1492523608000000000,1.8746398843022223,0.22445561139028472
5653702122,47.5,1161114067,115,1492523639000000000,1.8832509954133334,0.33524766690595836
5653702755,48.5,1161114067,115,1492523652000000000,1.8868621065244444,0.446039722421632
5653705984,49.5,1161114067,115,1492523715000000000,1.9043621065244445,0.5568317779373055
5653708083,50.5,1161114067,115,1492523758000000000,1.9163065509688888,0.6676238334529792
5653712359,49.5,1161114067,115,1492523848000000000,1.941306550968889,0.5568317779373055
5653713401,48.5,1161114067,115,1492523871000000000,1.9476954398577777,0.446039722421632
5653715203,47.5,1161114067,115,1492523899000000000,1.9554732176355556,0.33524766690595836
5653716501,46.5,1161114067,115,1492523927000000000,1.9632509954133333,0.22445561139028472
5653717780,45.5,1161114067,115,1492523957000000000,1.9715843287466666,0.11366355587461112
5653719136,44.5,1161114067,115,1492523987000000000,1.97991766208,0.0028715003589375124
5653721543,45.5,1161114067,115,1492524039000000000,1.9943621065244443,0.11366355587461112
5653722719,46.5,1161114067,115,1492524067000000000,2.0021398843022222,0.22445561139028472
5653723718,47.5,1161114067,115,1492524088000000000,2.0079732176355556,0.33524766690595836
5653724870,48.5,1161114067,115,1492524114000000000,2.0151954398577776,0.446039722421632
5653726477,49.5,1161114067,115,1492524147000000000,2.0243621065244444,0.5568317779373055
5653730076,50.5,1161114067,115,1492524220000000000,2.044639884302222,0.6676238334529792
5653732780,49.5,1161114067,115,1492524263000000000,2.0565843287466667,0.5568317779373055
5653733170,48.5,1161114067,115,1492524293000000000,2.06491766208,0.446039722421632
5653734341,47.5,1161114067,115,1492524316000000000,2.071306550968889,0.33524766690595836
5653735527,46.5,1161114067,115,1492524342000000000,2.078528773191111,0.22445561139028472
5653736940,45.5,1161114067,115,1492524374000000000,2.08741766208,0.11366355587461112
5653738089,44.5,1161114067,115,1492524397000000000,2.093806550968889,0.0028715003589375124
5653744840,45.5,1161114067,115,1492524471000000000,2.1143621065244442,0.11366355587461112
5653745642,46.5,1161114067,115,1492524499000000000,2.1221398843022223,0.22445561139028472
5653746659,47.5,1161114067,115,1492524522000000000,2.128528773191111,0.33524766690595836
5653747977,48.5,1161114067,115,1492524555000000000,2.1376954398577777,0.446039722421632
5653749470,49.5,1161114067,115,1492524584000000000,2.145750995413333,0.5568317779373055
5653752093,50.5,1161114067,115,1492524648000000000,2.163528773191111,0.6676238334529792
5653756816,49.5,1161114067,115,1492524743000000000,2.18991766208,0.5568317779373055
5653758054,48.5,1161114067,115,1492524771000000000,2.1976954398577777,0.446039722421632
5653759359,47.5,1161114067,115,1492524800000000000,2.205750995413333,0.33524766690595836
5653761082,46.5,1161114067,115,1492524825000000000,2.212695439857778,0.22445561139028472
5653761982,45.5,1161114067,115,1492524848000000000,2.219084328746667,0.11366355587461112
5653763858,44.5,1161114067,115,1492524879000000000,2.227695439857778,0.0028715003589375124
5653767811,45.5,1161114067,115,1492524967000000000,2.2521398843022222,0.11366355587461112
5653769565,46.5,1161114067,115,1492524988000000000,2.2579732176355556,0.22445561139028472
5653770062,47.5,1161114067,115,1492525005000000000,2.2626954398577777,0.33524766690595836
5653772198,48.5,1161114067,115,1492525039000000000,2.2721398843022222,0.446039722421632
5653773416,49.5,1161114067,115,1492525067000000000,2.27991766208,0.5568317779373055
5653777039,50.5,1161114067,115,1492525145000000000,2.301584328746667,0.6676238334529792
5653781327,49.5,1161114067,115,1492525224000000000,2.323528773191111,0.5568317779373055
5653783156,48.5,1161114067,115,1492525252000000000,2.331306550968889,0.446039722421632
5653784224,47.5,1161114067,115,1492525276000000000,2.3379732176355557,0.33524766690595836
5653785025,46.5,1161114067,115,1492525300000000000,2.344639884302222,0.22445561139028472
5653786334,45.5,1161114067,115,1492525326000000000,2.3518621065244445,0.11366355587461112
5653788431,44.5,1161114067,115,1492525365000000000,2.3626954398577777,0.0028715003589375124
5653789826,43.5,1161114067,115,1492525397000000000,2.3715843287466667,-0.1079205551567361
5653792198,44.5,1161114067,115,1492525442000000000,2.384084328746667,0.0028715003589375124
5653793304,45.5,1161114067,115,1492525470000000000,2.3918621065244445,0.11366355587461112
5653795060,46.5,1161114067,115,1492525496000000000,2.3990843287466666,0.22445561139028472
5653795751,47.5,1161114067,115,1492525521000000000,2.406028773191111,0.33524766690595836
5653797507,48.5,1161114067,115,1492525551000000000,2.4143621065244445,0.446039722421632
5653799729,49.5,1161114067,115,1492525590000000000,2.4251954398577777,0.5568317779373055
5653803074,50.5,1161114067,115,1492525650000000000,2.4418621065244444,0.6676238334529792
5653805496,49.5,1161114067,115,1492525714000000000,2.4596398843022222,0.5568317779373055
5653806566,48.5,1161114067,115,1492525735000000000,2.4654732176355556,0.446039722421632
5653807911,47.5,1161114067,115,1492525764000000000,2.473528773191111,0.33524766690595836
5653808866,46.5,1161114067,115,1492525786000000000,2.4796398843022223,0.22445561139028472
5653810117,45.5,1161114067,115,1492525815000000000,2.4876954398577777,0.11366355587461112
5653811424,44.5,1161114067,115,1492525843000000000,2.4954732176355554,0.0028715003589375124
5653813358,43.5,1161114067,115,1492525888000000000,2.5079732176355556,-0.1079205551567361
5653814524,44.5,1161114067,115,1492525910000000000,2.5140843287466668,0.0028715003589375124
5653815900,45.5,1161114067,115,1492525942000000000,2.5229732176355557,0.11366355587461112
5653817491,46.5,1161114067,115,1492525964000000000,2.529084328746667,0.22445561139028472
5653817991,47.5,1161114067,115,1492525989000000000,2.536028773191111,0.33524766690595836
5653819667,48.5,1161114067,115,1492526022000000000,2.545195439857778,0.446039722421632
5653821261,49.5,1161114067,115,1492526055000000000,2.5543621065244446,0.5568317779373055
5653824088,50.5,1161114067,115,1492526120000000000,2.57241766208,0.6676238334529792
5653826533,49.5,1161114067,115,1492526176000000000,2.5879732176355557,0.5568317779373055
5653827910,48.5,1161114067,115,1492526208000000000,2.5968621065244446,0.446039722421632
5653828750,47.5,1161114067,115,1492526230000000000,2.6029732176355553,0.33524766690595836
5653829832,46.5,1161114067,115,1492526257000000000,2.6104732176355556,0.22445561139028472
5653830972,45.5,1161114067,115,1492526280000000000,2.6168621065244446,0.11366355587461112
5653832326,44.5,1161114067,115,1492526311000000000,2.6254732176355557,0.0028715003589375124
5653834940,45.5,1161114067,115,1492526369000000000,2.6415843287466667,0.11366355587461112
5653835794,46.5,1161114067,115,1492526395000000000,2.6488065509688887,0.22445561139028472
5653836740,47.5,1161114067,115,1492526416000000000,2.654639884302222,0.33524766690595836
5653837668,48.5,1161114067,115,1492526440000000000,2.661306550968889,0.446039722421632
5653839633,49.5,1161114067,115,1492526485000000000,2.673806550968889,0.5568317779373055
5653842571,50.5,1161114067,115,1492526549000000000,2.6915843287466665,0.6676238334529792
5653845291,49.5,1161114067,115,1492526612000000000,2.7090843287466666,0.5568317779373055
5653846317,48.5,1161114067,115,1492526639000000000,2.716584328746667,0.446039722421632
5653847501,47.5,1161114067,115,1492526667000000000,2.7243621065244445,0.33524766690595836
5653849038,46.5,1161114067,115,1492526694000000000,2.7318621065244444,0.22445561139028472
5653849796,45.5,1161114067,115,1492526713000000000,2.737139884302222,0.11366355587461112
5653853762,46.5,1161114067,115,1492526774000000000,2.7540843287466665,0.22445561139028472
5653854871,47.5,1161114067,115,1492526799000000000,2.761028773191111,0.33524766690595836
5653856435,48.5,1161114067,115,1492526831000000000,2.76991766208,0.446039722421632
5653858279,49.5,1161114067,115,1492526870000000000,2.7807509954133334,0.5568317779373055
5653862068,50.5,1161114067,115,1492526936000000000,2.7990843287466665,0.6676238334529792
5653864779,49.5,1161114067,115,1492526996000000000,2.8157509954133335,0.5568317779373055
5653866909,48.5,1161114067,115,1492527027000000000,2.8243621065244446,0.446039722421632
5653867986,47.5,1161114067,115,1492527048000000000,2.830195439857778,0.33524766690595836
5653869416,46.5,1161114067,115,1492527078000000000,2.8385287731911113,0.22445561139028472
5653870361,45.5,1161114067,115,1492527106000000000,2.846306550968889,0.11366355587461112
5653871861,44.5,1161114067,115,1492527139000000000,2.8554732176355557,0.0028715003589375124
5653873128,43.5,1161114067,115,1492527167000000000,2.8632509954133334,-0.1079205551567361
5653876942,44.5,1161114067,115,1492527244000000000,2.884639884302222,0.0028715003589375124
5653877793,45.5,1161114067,115,1492527272000000000,2.89241766208,0.11366355587461112
5653879714,46.5,1161114067,115,1492527300000000000,2.900195439857778,0.22445561139028472
5653885539,45.5,1161114067,115,1492527400000000000,2.9279732176355555,0.11366355587461112
5653887081,44.5,1161114067,115,1492527437000000000,2.938250995413333,0.0028715003589375124
5653889035,43.5,1161114067,115,1492527480000000000,2.9501954398577777,-0.1079205551567361
5653890723,42.5,1161114067,115,1492527518000000000,2.9607509954133335,-0.2187126106724097
5653892138,41.5,1161114067,115,1492527549000000000,2.9693621065244447,-0.32950466618808333
5653895490,40.5,1161114067,115,1492527615000000000,2.9876954398577777,-0.44029672170375694
5653896981,39.5,1161114067,115,1492527652000000000,2.9979732176355554,-0.5510887772194305
5653899295,38.5,1161114067,115,1492527698000000000,3.0107509954133334,-0.6618808327351041
5653903155,37.5,1161114067,115,1492527764000000000,3.029084328746667,-0.7726728882507777
5653907167,36.5,1161114067,115,1492527862000000000,3.056306550968889,-0.8834649437664513
5653909702,35.5,1161114067,115,1492527907000000000,3.068806550968889,-0.994256999282125
5653913371,34.5,1161114067,115,1492527989000000000,3.091584328746667,-1.1050490547977987
5653918750,33.5,1161114067,115,1492528107000000000,3.1243621065244445,-1.215841110313472
5653925297,32.5,1161114067,115,1492528261000000000,3.1671398843022223,-1.3266331658291457
5653934839,31.5,1161114067,115,1492528479000000000,3.227695439857778,-1.4374252213448193
5653951758,30.5,1161114067,115,1492528847000000000,3.32991766208,-1.548217276860493
5654024447,31.5,1161114067,115,1492530329000000000,3.741584328746667,-1.4374252213448193
5654040437,32.5,1161114067,115,1492530675000000000,3.837695439857778,-1.3266331658291457
5654261398,31.5,1161114067,115,1492535212000000000,5.097973217635555,-1.4374252213448193
5654398125,32.5,1161114067,115,1492538090000000000,5.89741766208,-1.3266331658291457
5654399887,33.5,1161114067,115,1492538129000000000,5.908250995413334,-1.215841110313472
5654401871,34.5,1161114067,115,1492538174000000000,5.920750995413333,-1.1050490547977987
5654405175,35.5,1161114067,115,1492538244000000000,5.940195439857778,-0.994256999282125
5654416980,36.5,1161114067,115,1492538499000000000,6.011028773191111,-0.8834649437664513
5654447623,37.5,1161114067,115,1492539051000000000,6.164362106524444,-0.7726728882507777
5654452702,38.5,1161114067,115,1492539150000000000,6.191862106524445,-0.6618808327351041
5654461098,37.5,1161114067,115,1492539309000000000,6.236028773191111,-0.7726728882507777
5654465857,38.5,1161114067,115,1492539418000000000,6.266306550968889,-0.6618808327351041
5654468773,39.5,1161114067,115,1492539491000000000,6.286584328746667,-0.5510887772194305
5654477197,38.5,1161114067,115,1492539670000000000,6.336306550968889,-0.6618808327351041
5654479051,37.5,1161114067,115,1492539704000000000,6.345750995413334,-0.7726728882507777
5654482780,38.5,1161114067,115,1492539787000000000,6.3688065509688885,-0.6618808327351041
5654483996,39.5,1161114067,115,1492539814000000000,6.376306550968889,-0.5510887772194305
5654487500,40.5,1161114067,115,1492539894000000000,6.398528773191111,-0.44029672170375694
5654495021,39.5,1161114067,115,1492540042000000000,6.439639884302222,-0.5510887772194305
5654497468,38.5,1161114067,115,1492540091000000000,6.453250995413334,-0.6618808327351041
5654504680,39.5,1161114067,115,1492540215000000000,6.487695439857778,-0.5510887772194305
5654507084,40.5,1161114067,115,1492540267000000000,6.502139884302222,-0.44029672170375694
5654517925,39.5,1161114067,115,1492540466000000000,6.55741766208,-0.5510887772194305
5654519447,38.5,1161114067,115,1492540500000000000,6.566862106524445,-0.6618808327351041
5654522675,39.5,1161114067,115,1492540569000000000,6.586028773191111,-0.5510887772194305
5654524343,40.5,1161114067,115,1492540593000000000,6.592695439857778,-0.44029672170375694
5654526232,41.5,1161114067,115,1492540631000000000,6.603250995413333,-0.32950466618808333
5654537378,40.5,1161114067,115,1492540844000000000,6.66241766208,-0.44029672170375694
5654539174,39.5,1161114067,115,1492540868000000000,6.669084328746667,-0.5510887772194305
5654540205,38.5,1161114067,115,1492540900000000000,6.6779732176355555,-0.6618808327351041
5654542573,39.5,1161114067,115,1492540946000000000,6.6907509954133335,-0.5510887772194305
5654543826,40.5,1161114067,115,1492540973000000000,6.698250995413333,-0.44029672170375694
5654545289,41.5,1161114067,115,1492541005000000000,6.707139884302222,-0.32950466618808333
5654547989,42.5,1161114067,115,1492541060000000000,6.72241766208,-0.2187126106724097
5654554513,41.5,1161114067,115,1492541203000000000,6.762139884302222,-0.32950466618808333
5654555793,40.5,1161114067,115,1492541231000000000,6.76991766208,-0.44029672170375694
5654557117,39.5,1161114067,115,1492541262000000000,6.778528773191111,-0.5510887772194305
5654559360,40.5,1161114067,115,1492541311000000000,6.792139884302222,-0.44029672170375694
5654560540,41.5,1161114067,115,1492541338000000000,6.7996398843022225,-0.32950466618808333
5654562472,42.5,1161114067,115,1492541373000000000,6.8093621065244445,-0.2187126106724097
5654572055,41.5,1161114067,115,1492541569000000000,6.863806550968889,-0.32950466618808333
5654573313,40.5,1161114067,115,1492541599000000000,6.872139884302222,-0.44029672170375694
5654574777,39.5,1161114067,115,1492541631000000000,6.881028773191111,-0.5510887772194305
5654576995,40.5,1161114067,115,1492541677000000000,6.893806550968889,-0.44029672170375694
5654578134,41.5,1161114067,115,1492541703000000000,6.901028773191111,-0.32950466618808333
5654579408,42.5,1161114067,115,1492541733000000000,6.909362106524444,-0.2187126106724097
5654581610,43.5,1161114067,115,1492541776000000000,6.921306550968889,-0.1079205551567361
5654588757,42.5,1161114067,115,1492541933000000000,6.96491766208,-0.2187126106724097
5654590040,41.5,1161114067,115,1492541961000000000,6.972695439857778,-0.32950466618808333
5654590995,40.5,1161114067,115,1492541990000000000,6.9807509954133335,-0.44029672170375694
5654594729,41.5,1161114067,115,1492542070000000000,7.002973217635556,-0.32950466618808333
5654596071,42.5,1161114067,115,1492542100000000000,7.0113065509688886,-0.2187126106724097
5654596965,43.5,1161114067,115,1492542123000000000,7.0176954398577776,-0.1079205551567361
5654604571,42.5,1161114067,115,1492542296000000000,7.0657509954133335,-0.2187126106724097
5654606060,41.5,1161114067,115,1492542328000000000,7.074639884302222,-0.32950466618808333
5654607214,40.5,1161114067,115,1492542357000000000,7.082695439857778,-0.44029672170375694
5654610818,41.5,1161114067,115,1492542424000000000,7.101306550968889,-0.32950466618808333
5654612117,42.5,1161114067,115,1492542454000000000,7.109639884302222,-0.2187126106724097
5654613676,43.5,1161114067,115,1492542479000000000,7.116584328746667,-0.1079205551567361
5654616426,44.5,1161114067,115,1492542542000000000,7.134084328746667,0.0028715003589375124
5654622962,43.5,1161114067,115,1492542661000000000,7.167139884302222,-0.1079205551567361
5654623604,42.5,1161114067,115,1492542686000000000,7.174084328746667,-0.2187126106724097
5654624663,41.5,1161114067,115,1492542706000000000,7.179639884302222,-0.32950466618808333
5654723804,40.5,1161114067,115,1492542738000000000,7.188528773191111,-0.44029672170375694
5654723871,41.5,1161114067,115,1492542792000000000,7.2035287731911115,-0.32950466618808333
5654723896,42.5,1161114067,115,1492542810000000000,7.208528773191111,-0.2187126106724097
5654724014,43.5,1161114067,115,1492542836000000000,7.215750995413333,-0.1079205551567361
5654724077,44.5,1161114067,115,1492542881000000000,7.228250995413333,0.0028715003589375124
5654724413,43.5,1161114067,115,1492543036000000000,7.271306550968889,-0.1079205551567361
5654724448,42.5,1161114067,115,1492543065000000000,7.279362106524444,-0.2187126106724097
5654724480,41.5,1161114067,115,1492543095000000000,7.287695439857778,-0.32950466618808333
5654724587,40.5,1161114067,115,1492543123000000000,7.295473217635555,-0.44029672170375694
5654724631,41.5,1161114067,115,1492543156000000000,7.304639884302222,-0.32950466618808333
5654724652,42.5,1161114067,115,1492543185000000000,7.3126954398577775,-0.2187126106724097
5654724747,43.5,1161114067,115,1492543213000000000,7.320473217635556,-0.1079205551567361
5654724779,44.5,1161114067,115,1492543253000000000,7.331584328746667,0.0028715003589375124
5654725128,43.5,1161114067,115,1492543420000000000,7.377973217635556,-0.1079205551567361
5654725161,42.5,1161114067,115,1492543441000000000,7.383806550968889,-0.2187126106724097
5654725263,41.5,1161114067,115,1492543472000000000,7.39241766208,-0.32950466618808333
5654725313,40.5,1161114067,115,1492543502000000000,7.4007509954133335,-0.44029672170375694
5654725346,41.5,1161114067,115,1492543539000000000,7.411028773191111,-0.32950466618808333
5654725441,42.5,1161114067,115,1492543559000000000,7.416584328746667,-0.2187126106724097
5654725467,43.5,1161114067,115,1492543585000000000,7.423806550968889,-0.1079205551567361
5654725500,44.5,1161114067,115,1492543621000000000,7.433806550968889,0.0028715003589375124
5654725990,45.5,1161114067,115,1492543717000000000,7.460473217635555,0.11366355587461112
5654726199,44.5,1161114067,115,1492543775000000000,7.476584328746666,0.0028715003589375124
5654726247,43.5,1161114067,115,1492543811000000000,7.486584328746667,-0.1079205551567361
5654726274,42.5,1161114067,115,1492543836000000000,7.4935287731911115,-0.2187126106724097
5654726322,41.5,1161114067,115,1492543866000000000,7.501862106524444,-0.32950466618808333
5654726364,40.5,1161114067,115,1492543900000000000,7.5113065509688886,-0.44029672170375694
5654726410,41.5,1161114067,115,1492543953000000000,7.526028773191111,-0.32950466618808333
5654726491,42.5,1161114067,115,1492543976000000000,7.53241766208,-0.2187126106724097
5654726524,43.5,1161114067,115,1492544004000000000,7.5401954398577775,-0.1079205551567361
5654726536,44.5,1161114067,115,1492544031000000000,7.547695439857778,0.0028715003589375124
5654726706,45.5,1161114067,115,1492544112000000000,7.570195439857778,0.11366355587461112
5654726919,44.5,1161114067,115,1492544233000000000,7.603806550968889,0.0028715003589375124
5654727011,43.5,1161114067,115,1492544260000000000,7.611306550968889,-0.1079205551567361
5654727041,42.5,1161114067,115,1492544286000000000,7.6185287731911115,-0.2187126106724097
5654727075,41.5,1161114067,115,1492544310000000000,7.6251954398577775,-0.32950466618808333
5654727230,42.5,1161114067,115,1492544353000000000,7.637139884302222,-0.2187126106724097
5654727264,43.5,1161114067,115,1492544377000000000,7.643806550968889,-0.1079205551567361
5654727370,44.5,1161114067,115,1492544408000000000,7.65241766208,0.0028715003589375124
5654727413,45.5,1161114067,115,1492544454000000000,7.6651954398577775,0.11366355587461112
5654727744,44.5,1161114067,115,1492544612000000000,7.709084328746667,0.0028715003589375124
5654727773,43.5,1161114067,115,1492544638000000000,7.716306550968889,-0.1079205551567361
5654727796,42.5,1161114067,115,1492544664000000000,7.723528773191111,-0.2187126106724097
5654727960,43.5,1161114067,115,1492544745000000000,7.746028773191111,-0.1079205551567361
5654727994,44.5,1161114067,115,1492544775000000000,7.754362106524445,0.0028715003589375124
5654728102,45.5,1161114067,115,1492544808000000000,7.763528773191111,0.11366355587461112
5654728423,44.5,1161114067,115,1492544980000000000,7.811306550968889,0.0028715003589375124
5654728452,43.5,1161114067,115,1492545008000000000,7.8190843287466665,-0.1079205551567361
5654728472,42.5,1161114067,115,1492545032000000000,7.825750995413333,-0.2187126106724097
5654728582,41.5,1161114067,115,1492545060000000000,7.833528773191111,-0.32950466618808333
5654728613,42.5,1161114067,115,1492545091000000000,7.842139884302222,-0.2187126106724097
5654729668,43.5,1161114067,115,1492545113000000000,7.848250995413333,-0.1079205551567361
5654730795,44.5,1161114067,115,1492545137000000000,7.85491766208,0.0028715003589375124
5654732395,45.5,1161114067,115,1492545173000000000,7.86491766208,0.11366355587461112
5654735707,46.5,1161114067,115,1492545243000000000,7.884362106524445,0.22445561139028472
5654739368,45.5,1161114067,115,1492545335000000000,7.90991766208,0.11366355587461112
5654740919,44.5,1161114067,115,1492545376000000000,7.921306550968889,0.0028715003589375124
5654742186,43.5,1161114067,115,1492545401000000000,7.928250995413333,-0.1079205551567361
5654743325,42.5,1161114067,115,1492545430000000000,7.936306550968889,-0.2187126106724097
5654745048,41.5,1161114067,115,1492545470000000000,7.94741766208,-0.32950466618808333
5654747109,42.5,1161114067,115,1492545491000000000,7.953250995413334,-0.2187126106724097
5654747509,43.5,1161114067,115,1492545522000000000,7.961862106524444,-0.1079205551567361
5654748881,44.5,1161114067,115,1492545555000000000,7.971028773191111,0.0028715003589375124
5654751306,45.5,1161114067,115,1492545589000000000,7.980473217635556,0.11366355587461112
5654753011,46.5,1161114067,115,1492545640000000000,7.994639884302222,0.22445561139028472
5654757568,45.5,1161114067,115,1492545738000000000,8.021862106524445,0.11366355587461112
5654758646,44.5,1161114067,115,1492545767000000000,8.02991766208,0.0028715003589375124
5654759724,43.5,1161114067,115,1492545797000000000,8.038250995413334,-0.1079205551567361
5654760743,42.5,1161114067,115,1492545820000000000,8.044639884302223,-0.2187126106724097
5654763055,43.5,1161114067,115,1492545864000000000,8.056862106524445,-0.1079205551567361
5654763873,44.5,1161114067,115,1492545894000000000,8.065195439857778,0.0028715003589375124
5654764996,45.5,1161114067,115,1492545920000000000,8.07241766208,0.11366355587461112
5654767061,46.5,1161114067,115,1492545967000000000,8.085473217635556,0.22445561139028472
5654774834,45.5,1161114067,115,1492546118000000000,8.12741766208,0.11366355587461112
5654776441,44.5,1161114067,115,1492546150000000000,8.13630655096889,0.0028715003589375124
5654777478,43.5,1161114067,115,1492546174000000000,8.142973217635555,-0.1079205551567361
5654778623,42.5,1161114067,115,1492546200000000000,8.150195439857777,-0.2187126106724097
5654782031,43.5,1161114067,115,1492546266000000000,8.168528773191111,-0.1079205551567361
5654782792,44.5,1161114067,115,1492546296000000000,8.176862106524444,0.0028715003589375124
5654784659,45.5,1161114067,115,1492546324000000000,8.184639884302221,0.11366355587461112
5654785806,46.5,1161114067,115,1492546366000000000,8.196306550968888,0.22445561139028472
5654792176,45.5,1161114067,115,1492546517000000000,8.238250995413333,0.11366355587461112
5654793576,44.5,1161114067,115,1492546542000000000,8.245195439857778,0.0028715003589375124
5654794896,43.5,1161114067,115,1492546570000000000,8.252973217635555,-0.1079205551567361
5654796160,42.5,1161114067,115,1492546598000000000,8.260750995413334,-0.2187126106724097
5654798783,43.5,1161114067,115,1492546656000000000,8.276862106524444,-0.1079205551567361
5654799841,44.5,1161114067,115,1492546681000000000,8.283806550968889,0.0028715003589375124
5654801265,45.5,1161114067,115,1492546709000000000,8.291584328746668,0.11366355587461112
5654802778,46.5,1161114067,115,1492546738000000000,8.299639884302222,0.22445561139028472
5654804751,47.5,1161114067,115,1492546794000000000,8.315195439857778,0.33524766690595836
5654808596,46.5,1161114067,115,1492546886000000000,8.340750995413334,0.22445561139028472
5654809826,45.5,1161114067,115,1492546915000000000,8.348806550968888,0.11366355587461112
5654810775,44.5,1161114067,115,1492546940000000000,8.355750995413333,0.0028715003589375124
5654811944,43.5,1161114067,115,1492546968000000000,8.363528773191112,-0.1079205551567361
5654815404,44.5,1161114067,115,1492547046000000000,8.385195439857778,0.0028715003589375124
5654816578,45.5,1161114067,115,1492547072000000000,8.39241766208,0.11366355587461112
5654818112,46.5,1161114067,115,1492547112000000000,8.40352877319111,0.22445561139028472
5654820537,47.5,1161114067,115,1492547171000000000,8.41991766208,0.33524766690595836
5654824591,46.5,1161114067,115,1492547263000000000,8.445473217635556,0.22445561139028472
5654825878,45.5,1161114067,115,1492547297000000000,8.45491766208,0.11366355587461112
5654827152,44.5,1161114067,115,1492547318000000000,8.460750995413333,0.0028715003589375124
5654827723,43.5,1161114067,115,1492547343000000000,8.467695439857778,-0.1079205551567361
5654829299,42.5,1161114067,115,1492547374000000000,8.47630655096889,-0.2187126106724097
5654830443,43.5,1161114067,115,1492547406000000000,8.485195439857778,-0.1079205551567361
5654831722,44.5,1161114067,115,1492547435000000000,8.493250995413334,0.0028715003589375124
5654832777,45.5,1161114067,115,1492547465000000000,8.501584328746667,0.11366355587461112
5654833768,46.5,1161114067,115,1492547489000000000,8.508250995413333,0.22445561139028472
5654835603,47.5,1161114067,115,1492547534000000000,8.520750995413334,0.33524766690595836
5654842993,46.5,1161114067,115,1492547671000000000,8.558806550968889,0.22445561139028472
5654843895,45.5,1161114067,115,1492547695000000000,8.565473217635555,0.11366355587461112
5654845022,44.5,1161114067,115,1492547722000000000,8.572973217635555,0.0028715003589375124
5654846416,43.5,1161114067,115,1492547753000000000,8.581584328746667,-0.1079205551567361
5654848679,44.5,1161114067,115,1492547804000000000,8.595750995413333,0.0028715003589375124
5654849961,45.5,1161114067,115,1492547834000000000,8.604084328746668,0.11366355587461112
5654851390,46.5,1161114067,115,1492547859000000000,8.61102877319111,0.22445561139028472
5654853236,47.5,1161114067,115,1492547909000000000,8.62491766208,0.33524766690595836
5654860919,46.5,1161114067,115,1492548051000000000,8.664362106524445,0.22445561139028472
5654861609,45.5,1161114067,115,1492548078000000000,8.671862106524445,0.11366355587461112
5654862955,44.5,1161114067,115,1492548107000000000,8.67991766208,0.0028715003589375124
5654863669,43.5,1161114067,115,1492548134000000000,8.68741766208,-0.1079205551567361
5654866820,44.5,1161114067,115,1492548209000000000,8.708250995413334,0.0028715003589375124
5654868474,45.5,1161114067,115,1492548239000000000,8.716584328746666,0.11366355587461112
5654869265,46.5,1161114067,115,1492548272000000000,8.725750995413334,0.22445561139028472
5654871713,47.5,1161114067,115,1492548315000000000,8.737695439857777,0.33524766690595836
5654878062,46.5,1161114067,115,1492548470000000000,8.780750995413333,0.22445561139028472
5654878952,45.5,1161114067,115,1492548494000000000,8.78741766208,0.11366355587461112
5654879779,44.5,1161114067,115,1492548519000000000,8.794362106524444,0.0028715003589375124
5654880614,43.5,1161114067,115,1492548541000000000,8.800473217635556,-0.1079205551567361
5654882395,44.5,1161114067,115,1492548589000000000,8.81380655096889,0.0028715003589375124
5654883986,45.5,1161114067,115,1492548616000000000,8.821306550968888,0.11366355587461112
5654885622,46.5,1161114067,115,1492548646000000000,8.829639884302223,0.22445561139028472
5654886783,47.5,1161114067,115,1492548676000000000,8.837973217635556,0.33524766690595836
5654890054,48.5,1161114067,115,1492548757000000000,8.860473217635555,0.446039722421632
5654894683,47.5,1161114067,115,1492548847000000000,8.885473217635555,0.33524766690595836
5654895989,46.5,1161114067,115,1492548878000000000,8.894084328746667,0.22445561139028472
5654900967,45.5,1161114067,115,1492548994000000000,8.926306550968889,0.11366355587461112
5654902770,44.5,1161114067,115,1492549031000000000,8.936584328746667,0.0028715003589375124
5654904409,43.5,1161114067,115,1492549058000000000,8.944084328746667,-0.1079205551567361
5654906194,42.5,1161114067,115,1492549105000000000,8.957139884302222,-0.2187126106724097
5654908078,41.5,1161114067,115,1492549149000000000,8.969362106524445,-0.32950466618808333
5654910033,40.5,1161114067,115,1492549181000000000,8.978250995413333,-0.44029672170375694
5654911454,39.5,1161114067,115,1492549218000000000,8.988528773191112,-0.5510887772194305
5654914349,38.5,1161114067,115,1492549278000000000,9.005195439857777,-0.6618808327351041
5654915906,37.5,1161114067,115,1492549324000000000,9.017973217635555,-0.7726728882507777
5654918850,36.5,1161114067,115,1492549388000000000,9.035750995413334,-0.8834649437664513
5654921435,35.5,1161114067,115,1492549445000000000,9.051584328746667,-0.994256999282125
5654926624,34.5,1161114067,115,1492549553000000000,9.081584328746667,-1.1050490547977987
5654934655,33.5,1161114067,115,1492549691000000000,9.11991766208,-1.215841110313472
5654942062,32.5,1161114067,115,1492549846000000000,9.162973217635555,-1.3266331658291457
5654952056,31.5,1161114067,115,1492550061000000000,9.222695439857779,-1.4374252213448193
5654974930,30.5,1161114067,115,1492550609000000000,9.37491766208,-1.548217276860493
5655002724,29.5,1161114067,115,1492551221000000000,9.54491766208,-1.6590093323761665
5655081925,28.5,1161114067,115,1492553014000000000,10.042973217635556,-1.7698013878918402
5655133374,29.5,1161114067,115,1492554231000000000,10.381028773191112,-1.6590093323761665
5655155822,30.5,1161114067,115,1492554746000000000,10.524084328746667,-1.548217276860493
5655184968,31.5,1161114067,115,1492555371000000000,10.697695439857778,-1.4374252213448193
5655209881,32.5,1161114067,115,1492555926000000000,10.851862106524445,-1.3266331658291457
5655226027,31.5,1161114067,115,1492556301000000000,10.956028773191111,-1.4374252213448193
5655229862,30.5,1161114067,115,1492556398000000000,10.982973217635555,-1.548217276860493
5655231436,31.5,1161114067,115,1492556442000000000,10.995195439857778,-1.4374252213448193
5655233507,32.5,1161114067,115,1492556476000000000,11.004639884302222,-1.3266331658291457
5655234492,33.5,1161114067,115,1492556501000000000,11.011584328746666,-1.215841110313472
5655236085,34.5,1161114067,115,1492556529000000000,11.019362106524444,-1.1050490547977987
5655238339,35.5,1161114067,115,1492556577000000000,11.032695439857777,-0.994256999282125
5655250568,34.5,1161114067,115,1492556730000000000,11.075195439857778,-1.1050490547977987
5655255200,33.5,1161114067,115,1492556785000000000,11.090473217635555,-1.215841110313472
5655256330,34.5,1161114067,115,1492556820000000000,11.100195439857778,-1.1050490547977987
5655258695,35.5,1161114067,115,1492556856000000000,11.110195439857778,-0.994256999282125
5655260444,36.5,1161114067,115,1492556874000000000,11.115195439857779,-0.8834649437664513
5655263309,37.5,1161114067,115,1492556923000000000,11.12880655096889,-0.7726728882507777
5655275316,36.5,1161114067,115,1492557116000000000,11.18241766208,-0.8834649437664513
5655277931,35.5,1161114067,115,1492557158000000000,11.194084328746667,-0.994256999282125
5655280737,36.5,1161114067,115,1492557205000000000,11.207139884302222,-0.8834649437664513
5655283494,37.5,1161114067,115,1492557236000000000,11.215750995413334,-0.7726728882507777
5655284432,38.5,1161114067,115,1492557269000000000,11.22491766208,-0.6618808327351041
5655290489,39.5,1161114067,115,1492557366000000000,11.251862106524445,-0.5510887772194305
5655298169,38.5,1161114067,115,1492557487000000000,11.285473217635555,-0.6618808327351041
5655300832,37.5,1161114067,115,1492557520000000000,11.294639884302223,-0.7726728882507777
5655302381,36.5,1161114067,115,1492557556000000000,11.304639884302222,-0.8834649437664513
5655306820,37.5,1161114067,115,1492557629000000000,11.32491766208,-0.7726728882507777
5655308251,38.5,1161114067,115,1492557654000000000,11.331862106524444,-0.6618808327351041
5655311037,39.5,1161114067,115,1492557688000000000,11.34130655096889,-0.5510887772194305
5655314164,40.5,1161114067,115,1492557752000000000,11.359084328746667,-0.44029672170375694
5655321414,39.5,1161114067,115,1492557881000000000,11.39491766208,-0.5510887772194305
5655323940,38.5,1161114067,115,1492557923000000000,11.406584328746666,-0.6618808327351041
5655326367,37.5,1161114067,115,1492557956000000000,11.415750995413333,-0.7726728882507777
5655329021,38.5,1161114067,115,1492557996000000000,11.426862106524444,-0.6618808327351041
5655331489,39.5,1161114067,115,1492558032000000000,11.436862106524444,-0.5510887772194305
5655333309,40.5,1161114067,115,1492558061000000000,11.44491766208,-0.44029672170375694
5655345098,39.5,1161114067,115,1492558293000000000,11.509362106524444,-0.5510887772194305
5655346381,38.5,1161114067,115,1492558323000000000,11.517695439857778,-0.6618808327351041
5655350203,39.5,1161114067,115,1492558399000000000,11.53880655096889,-0.5510887772194305
5655351589,40.5,1161114067,115,1492558429000000000,11.547139884302222,-0.44029672170375694
5655353925,41.5,1161114067,115,1492558471000000000,11.558806550968889,-0.32950466618808333
5655361617,40.5,1161114067,115,1492558655000000000,11.60991766208,-0.44029672170375694
5655363422,39.5,1161114067,115,1492558690000000000,11.619639884302222,-0.5510887772194305
5655364950,38.5,1161114067,115,1492558723000000000,11.62880655096889,-0.6618808327351041
5655368237,39.5,1161114067,115,1492558797000000000,11.649362106524444,-0.5510887772194305
5655369329,40.5,1161114067,115,1492558824000000000,11.656862106524445,-0.44029672170375694
5655370491,41.5,1161114067,115,1492558850000000000,11.664084328746666,-0.32950466618808333
5655380677,40.5,1161114067,115,1492559084000000000,11.729084328746668,-0.44029672170375694
5655382922,39.5,1161114067,115,1492559114000000000,11.73741766208,-0.5510887772194305
5655386579,40.5,1161114067,115,1492559200000000000,11.76130655096889,-0.44029672170375694
5655387957,41.5,1161114067,115,1492559227000000000,11.76880655096889,-0.32950466618808333
5655390060,42.5,1161114067,115,1492559274000000000,11.781862106524445,-0.2187126106724097
5655398794,41.5,1161114067,115,1492559471000000000,11.836584328746667,-0.32950466618808333
5655399772,40.5,1161114067,115,1492559502000000000,11.845195439857777,-0.44029672170375694
5655400921,39.5,1161114067,115,1492559532000000000,11.853528773191112,-0.5510887772194305
5655403153,40.5,1161114067,115,1492559584000000000,11.867973217635555,-0.44029672170375694
5655404561,41.5,1161114067,115,1492559617000000000,11.877139884302222,-0.32950466618808333
5655405447,42.5,1161114067,115,1492559639000000000,11.883250995413333,-0.2187126106724097
5655410149,43.5,1161114067,115,1492559745000000000,11.912695439857778,-0.1079205551567361
5655414766,42.5,1161114067,115,1492559851000000000,11.942139884302222,-0.2187126106724097
5655416237,41.5,1161114067,115,1492559884000000000,11.951306550968889,-0.32950466618808333
5655416995,40.5,1161114067,115,1492559905000000000,11.957139884302222,-0.44029672170375694
5655418939,39.5,1161114067,115,1492559943000000000,11.967695439857778,-0.5510887772194305
5655421597,40.5,1161114067,115,1492559976000000000,11.976862106524445,-0.44029672170375694
